L515:
  fovy: 45
  w: 320
  h: 180

Large_L515:
  fovy: 45
  w: 640
  h: 360

D435:
  fovy: 37
  w: 320
  h: 240

Large_D435:
  fovy: 37
  w: 640
  h: 480

GalbotWrist:
  fovy: 57.81
  w: 398
  h: 224
  near: 0.03
  far: 15.0
  fx: 203.054625
  fy: 202.900444
  cx: 200.864406
  cy: 112.466667
  skew: 0.0

GalbotHeadLeft:
  fovy: 37
  w: 320
  h: 240
  near: 0.1
  far: 100.0
  fx: 123.92123501390626
  fy: 124.09785864872501
  cx: 161.7986225414375
  cy: 118.71803481431876
  skew: 0.0
