L515:
  fovy: 45
  w: 320
  h: 180

Large_L515:
  fovy: 45
  w: 640
  h: 360

D435:
  fovy: 37
  w: 320
  h: 240

Large_D435:
  fovy: 37
  w: 640
  h: 480

GalbotWrist:
  fovy: 57.81
  w: 398
  h: 224
  near: 0.03
  far: 15.0
  fx: 203.054625
  fy: 202.900444
  cx: 200.864406
  cy: 112.466667
  skew: 0.0
